Multiple size <= 100
TEST 1 ARG:72 71 88 85 36 66 15 78 46 31 37 95 54 53 65 69 47 7 6 76 98 87 28 81 19 10 23 50 35 57 99 63 39 32 17 16 55 38 62 42 56 90 45 25 4 1 11 14 21 84 61 3 43 24 33 67 59 68 89 41 0 91 70 73 40 9 44 94 29 64 12 26 77 22 82 8 93 48 5 75 30 2 96 80 74 79 18 27 52 83 97 58 60 13 86 51 34 92 20 49
TEST 2 ARG:13 63 24 14 15 34 77 26 8 76 79 27 37 35 48 71 32 45 5 80 81 30 60 9 1 40 54 0 4 38 11 94 10 17 21 49 59 23 29 25 6 97 20 62 64 55 46 19 67 72 3 92 89 12 52 98 31 7 70 88 50 47 39 18 61 58 82 16 95 2 44 90 85 87 74 68 22 96 75 42 65 84 91 51 33 73 93 66 56 41 99 69 78 43 28 53 36 57 83 86
TEST 3 ARG:18 78 37 56 17 29 99 52 2 77 49 14 69 62 64 70 57 86 47 75 4 46 72 90 5 81 20 88 97 0 60 21 55 24 89 13 1 8 71 79 94 3 19 16 30 26 92 39 96 68 66 74 33 42 93 25 76 63 82 67 6 53 38 98 40 45 65 15 22 7 36 44 9 87 11 32 12 31 34 73 84 85 35 41 59 54 95 48 58 80 51 23 83 61 50 27 91 28 10 43
TEST 4 ARG:51 44 5 84 10 25 23 79 80 36 0 1 78 74 90 14 93 39 35 53 7 34 50 32 24 62 12 6 68 67 4 82 22 11 40 77 88 15 86 33 71 91 75 72 85 30 8 37 87 69 18 98 28 13 59 94 20 83 27 47 9 99 38 54 81 64 95 52 19 61 26 21 58 49 56 63 96 66 89 76 48 45 65 31 46 17 92 3 29 16 43 41 42 57 2 60 70 73 97 55
TEST 5 ARG:61 86 79 47 68 39 85 91 26 52 48 95 71 9 92 75 67 8 22 55 78 1 83 49 14 60 30 21 66 70 13 41 77 4 63 97 57 94 7 28 65 35 89 18 88 24 50 2 40 59 33 74 82 46 5 43 80 54 20 90 72 36 0 45 99 98 51 11 12 81 76 64 29 93 16 73 53 87 31 84 6 44 37 3 25 32 56 96 62 69 34 23 38 10 15 42 58 17 27 19
TEST 6 ARG:10 38 98 95 43 34 24 71 20 23 45 16 73 62 54 97 15 72 88 81 39 55 60 63 17 41 74 28 52 79 85 9 1 87 75 56 2 36 49 66 67 90 80 32 3 61 35 19 46 12 83 21 68 7 70 91 93 26 47 94 11 48 5 30 82 8 69 64 57 44 92 13 96 59 4 99 25 89 29 31 86 42 76 18 22 50 40 78 33 27 77 37 0 6 14 58 51 53 84 65
TEST 7 ARG:17 97 73 0 15 16 11 49 28 4 45 54 24 90 14 65 57 79 68 18 82 27 83 71 7 66 39 3 52 96 8 64 93 2 86 74 70 34 51 84 21 6 50 62 19 58 75 29 26 56 63 47 13 5 59 25 36 61 32 31 48 20 22 88 77 9 67 72 53 99 42 12 98 30 89 46 78 35 1 80 33 37 41 87 43 44 95 55 10 23 38 60 85 94 40 76 91 69 81 92
TEST 8 ARG:52 27 53 28 31 59 22 82 42 7 47 75 77 65 18 98 87 29 63 54 80 61 93 36 33 78 21 48 90 23 46 14 66 49 81 83 16 71 97 5 41 67 96 39 25 6 13 51 1 70 0 34 79 58 32 3 86 26 89 37 30 99 19 92 4 91 55 9 56 84 35 94 95 88 44 50 15 62 10 76 60 43 2 24 8 11 20 72 68 17 69 64 74 12 73 40 38 45 57 85
TEST 9 ARG:71 85 37 7 54 65 73 32 75 98 80 0 29 84 33 78 27 28 81 90 94 60 39 44 4 79 89 74 76 83 14 40 51 3 63 21 22 62 19 2 12 82 26 91 58 70 88 38 42 17 20 46 67 8 35 5 18 9 59 36 99 50 55 47 66 56 68 64 43 25 1 86 53 31 34 92 15 16 96 52 10 77 23 87 69 13 97 30 41 72 48 49 6 93 45 95 61 24 11 57
TEST 10 ARG:44 10 9 27 11 91 48 21 65 79 30 54 96 23 42 7 46 89 99 32 66 62 35 72 15 94 78 12 18 31 36 13 64 37 20 81 2 60 88 55 40 47 67 80 95 8 74 75 14 84 17 38 56 29 19 39 5 87 16 71 93 22 53 76 52 82 4 90 6 57 28 25 68 49 45 50 3 34 83 77 41 98 0 61 24 43 51 63 33 85 70 92 1 69 86 58 73 26 97 59
TEST 11 ARG:64 73 95 2 33 92 65 18 39 30 43 77 86 48 29 58 63 82 89 27 47 78 71 90 19 25 68 49 97 76 16 23 7 60 10 11 85 66 46 5 38 96 80 70 21 22 93 8 74 99 53 26 17 91 88 52 4 35 37 55 20 98 42 83 12 62 59 32 1 6 75 41 24 79 81 87 3 61 28 56 36 69 45 94 84 0 14 15 57 50 44 67 13 9 72 34 54 40 31 51
TEST 12 ARG:51 90 50 95 29 31 45 34 40 41 67 54 6 55 1 64 7 52 92 73 70 14 47 99 48 75 5 88 53 72 25 36 30 68 21 13 79 69 97 61 42 2 46 60 43 57 87 63 15 86 76 38 71 74 27 56 59 28 77 98 89 91 58 39 81 20 66 35 22 26 4 11 18 94 23 44 3 83 33 32 0 24 93 62 65 8 9 49 85 37 82 17 16 96 12 19 80 78 84 10
TEST 13 ARG:62 69 8 19 37 64 4 87 47 39 28 6 72 35 67 9 65 51 56 59 97 33 26 16 52 74 10 91 32 40 84 45 60 1 93 14 95 53 7 63 22 49 30 75 85 61 38 71 11 82 48 3 90 83 92 79 0 17 54 21 89 73 41 44 78 12 24 58 5 18 31 46 23 15 80 43 86 76 88 29 77 99 36 20 2 13 98 34 70 50 68 81 27 25 94 66 55 42 96 57
TEST 14 ARG:29 68 84 86 11 42 19 14 93 57 82 18 69 22 73 64 85 67 6 25 94 33 24 41 28 77 4 71 3 17 88 80 99 15 79 45 95 27 5 39 90 46 66 87 40 12 61 38 63 98 75 26 37 97 21 55 34 83 54 65 1 72 32 78 48 91 56 35 2 10 31 9 51 16 89 20 81 44 8 58 13 53 23 59 50 52 47 36 96 76 43 7 0 62 92 74 60 49 30 70
TEST 15 ARG:48 53 98 13 97 4 10 59 5 88 19 29 78 54 22 41 15 31 80 84 11 76 44 52 95 79 89 67 7 45 8 25 16 24 83 75 86 90 69 58 34 40 62 43 55 12 42 77 17 35 96 47 64 6 46 63 20 91 18 9 94 65 38 57 85 93 61 92 14 72 70 74 27 49 2 36 23 30 32 50 71 39 3 82 60 1 73 68 81 0 21 99 26 28 51 33 37 66 56 87
TEST 16 ARG:49 99 62 19 43 30 95 38 73 78 75 91 87 72 36 28 10 12 1 53 6 89 79 67 0 85 31 32 24 17 56 80 97 27 3 64 63 55 44 74 23 51 37 20 14 54 45 52 29 16 40 98 5 46 81 4 69 82 68 25 59 41 11 84 42 88 92 94 26 34 15 13 48 83 39 65 58 7 76 2 70 96 77 8 71 61 50 90 33 22 47 86 9 21 35 66 60 18 93 57
TEST 17 ARG:85 35 53 6 97 66 20 77 84 49 41 18 5 52 50 87 68 15 21 67 91 71 81 90 1 55 72 27 47 94 78 61 80 8 11 73 30 83 32 43 2 59 96 16 93 9 24 39 75 57 29 31 14 19 79 0 62 40 42 25 64 37 82 33 63 38 36 76 92 54 99 3 23 12 22 10 98 46 70 56 7 28 45 88 51 34 86 60 17 13 74 26 4 95 44 58 65 48 89 69
TEST 18 ARG:94 38 25 73 23 63 59 61 29 12 84 67 27 4 69 14 82 11 74 56 44 21 85 42 13 30 83 35 89 20 97 78 28 53 2 26 5 90 70 15 88 31 41 33 39 77 34 40 46 99 47 1 8 91 24 96 98 49 76 95 93 22 52 9 48 6 57 16 86 75 19 10 43 18 62 17 92 45 66 68 54 32 72 37 80 79 65 0 58 71 55 81 36 60 50 64 87 3 51 7
TEST 19 ARG:98 32 66 52 22 39 79 51 89 76 43 83 2 58 24 15 74 31 18 59 10 41 20 69 8 27 67 11 37 46 54 14 5 56 23 40 91 60 85 0 53 25 48 55 73 90 92 26 70 33 6 61 29 1 72 75 9 42 63 28 50 38 35 81 93 30 96 7 45 64 77 16 36 57 4 80 68 21 97 47 17 49 44 12 82 99 95 19 3 86 71 87 88 94 34 13 62 78 65 84
TEST 20 ARG:78 30 94 98 65 79 69 9 49 33 68 39 2 67 95 28 61 10 55 64 54 91 80 35 41 99 3 50 22 26 88 38 85 96 36 48 8 14 82 4 86 73 90 15 60 76 17 93 31 59 29 66 13 70 89 20 5 32 0 84 21 6 42 27 37 19 34 1 12 51 56 71 58 40 83 7 25 11 18 53 63 92 16 52 44 47 81 43 24 57 72 97 46 87 23 62 74 77 45 75
TEST 21 ARG:71 59 18 9 56 31 67 82 22 79 60 42 75 38 46 34 39 8 80 44 85 84 45 98 48 57 87 54 11 78 99 41 10 90 24 23 88 0 28 53 5 96 89 69 37 17 19 49 91 7 14 29 13 81 52 50 76 73 93 3 35 83 55 40 97 86 77 16 62 66 33 74 6 2 72 36 61 32 21 27 58 47 51 63 92 26 95 1 68 65 12 25 4 30 15 70 20 94 64 43
TEST 22 ARG:25 56 54 21 60 30 58 43 7 24 86 90 61 36 50 28 47 37 96 55 65 29 8 5 78 75 63 79 98 76 11 95 1 34 13 38 44 17 0 23 15 88 67 2 4 33 71 14 70 16 77 49 73 19 46 20 83 89 42 82 85 97 10 41 93 26 57 6 87 18 66 35 84 62 91 68 22 45 64 40 72 39 48 9 12 81 99 51 32 92 52 31 3 94 69 59 27 53 80 74
TEST 23 ARG:81 2 79 4 39 67 64 61 32 80 38 20 44 13 5 0 58 86 87 28 89 66 27 78 17 21 35 46 63 14 3 10 90 7 97 54 18 71 65 85 55 48 53 91 47 11 26 8 84 69 57 15 19 72 73 51 96 45 70 6 74 92 41 12 98 1 83 43 77 22 49 93 59 82 40 37 31 95 52 16 94 76 30 29 36 42 99 62 68 25 34 75 24 50 23 60 9 88 56 33
TEST 24 ARG:32 5 4 51 64 15 52 58 99 67 81 95 18 77 21 88 83 80 7 28 50 24 71 96 43 41 55 53 16 22 17 73 38 1 3 89 29 30 39 8 9 0 12 62 48 26 35 10 90 79 59 78 60 49 31 76 46 82 63 72 36 61 14 87 69 91 92 68 33 84 98 19 34 37 40 44 45 93 94 56 27 20 47 75 86 25 11 85 23 97 42 74 2 66 54 70 13 57 6 65
TEST 25 ARG:1 82 9 7 70 55 11 68 26 72 2 96 76 75 15 99 53 24 83 61 63 39 84 38 22 27 8 81 87 58 64 41 42 93 10 57 78 12 79 21 14 59 73 85 25 92 19 28 43 97 71 35 74 90 29 52 98 31 50 32 60 46 49 67 94 47 20 40 6 62 30 16 56 36 48 17 13 65 66 0 37 86 18 88 33 5 80 23 69 34 89 44 95 4 77 91 54 3 51 45
TEST 26 ARG:45 6 56 29 8 55 7 14 60 70 99 35 43 74 59 65 32 9 54 47 52 68 27 84 72 48 2 87 53 30 62 15 80 33 90 76 51 37 46 69 98 5 40 1 57 78 86 64 36 38 11 49 34 61 50 3 81 19 17 23 63 31 66 25 79 71 24 20 22 94 91 58 44 26 82 67 85 96 18 21 10 28 93 77 97 4 39 41 42 16 88 92 0 13 89 12 73 75 83 95
TEST 27 ARG:42 58 66 79 21 95 1 64 77 83 57 12 34 43 65 52 26 8 94 27 30 10 3 36 91 15 82 84 87 55 68 33 16 39 75 89 59 19 92 44 22 5 97 14 61 9 69 78 76 80 86 63 70 41 24 6 93 17 54 85 46 11 60 32 74 73 50 2 18 72 35 96 31 99 40 28 48 7 51 71 4 88 0 37 23 98 62 13 38 53 25 20 45 49 29 47 56 90 67 81
TEST 28 ARG:2 15 59 55 4 27 23 47 53 3 80 8 51 97 18 36 6 91 38 39 20 77 67 42 74 13 64 9 95 99 62 48 78 79 83 44 60 98 37 34 87 93 5 21 32 96 7 85 16 58 66 31 43 17 75 30 46 49 40 54 88 19 28 57 26 45 1 82 0 52 68 90 71 73 56 69 10 61 63 41 65 86 29 70 24 22 12 50 94 72 84 14 35 81 89 92 25 76 11 33
TEST 29 ARG:70 41 33 90 32 7 15 26 98 48 14 16 30 23 63 50 52 75 80 79 38 8 20 62 51 34 40 87 57 56 29 0 74 81 95 17 45 53 49 22 88 12 28 31 64 99 86 67 84 73 72 47 59 37 83 43 94 13 77 24 6 78 65 27 9 36 1 58 85 39 93 25 96 42 71 91 44 66 2 21 68 54 5 97 82 35 92 3 69 11 61 18 60 4 89 10 19 55 46 76
TEST 30 ARG:58 37 24 17 31 23 69 27 75 13 86 15 80 43 6 29 92 83 67 99 44 5 61 9 7 97 19 65 77 94 2 45 32 81 55 56 91 79 21 96 71 52 26 66 46 16 12 40 74 73 60 28 89 53 88 70 49 50 33 1 0 25 90 10 51 54 78 64 14 48 11 95 30 18 85 93 63 20 68 3 39 72 38 84 42 87 59 8 76 35 34 82 98 22 62 47 36 41 4 57
TEST 31 ARG:62 93 80 7 79 18 48 42 14 99 38 10 86 55 83 97 0 47 34 56 5 82 69 89 1 76 71 23 11 92 22 16 21 54 60 31 58 32 40 13 98 24 26 63 8 85 91 75 50 3 25 12 43 39 64 2 15 52 57 28 36 46 17 59 51 88 77 90 4 87 41 84 37 29 45 96 6 65 9 70 68 19 66 49 78 20 74 73 30 95 53 33 61 94 27 35 67 44 81 72
TEST 32 ARG:38 66 46 35 97 62 59 9 14 87 88 17 45 73 69 68 6 65 86 40 79 63 8 12 32 82 36 94 33 23 7 31 50 20 4 13 25 80 41 37 93 27 44 81 61 57 48 18 5 26 98 52 39 89 11 10 83 76 19 60 28 1 91 72 78 21 56 84 70 92 54 96 75 3 55 34 43 64 77 29 58 16 42 90 49 95 71 99 85 74 2 47 0 53 51 22 15 24 30 67
TEST 33 ARG:28 68 58 66 6 12 54 71 22 62 80 78 50 84 87 52 20 36 15 90 33 11 44 49 26 34 51 17 16 39 46 55 37 47 23 21 73 56 65 83 43 4 63 48 82 79 99 77 18 32 3 35 38 96 81 86 31 74 45 98 85 29 72 9 67 88 92 94 42 19 0 76 61 10 25 8 69 7 75 40 59 95 91 64 41 97 89 70 5 1 60 93 30 13 2 53 24 57 14 27
TEST 34 ARG:63 70 27 78 99 28 66 21 85 22 75 64 40 36 71 90 8 92 15 16 52 3 83 25 81 88 72 7 93 26 94 79 13 5 39 47 53 14 98 6 57 96 60 54 42 46 12 73 37 17 76 18 38 20 31 97 74 69 2 82 59 49 30 24 19 80 32 77 56 89 1 61 50 4 35 62 87 34 95 51 45 55 67 48 41 10 11 44 65 0 68 58 33 86 23 9 84 91 29 43
TEST 35 ARG:44 47 92 25 0 19 72 23 20 22 56 39 85 4 79 96 81 82 61 48 24 75 13 11 73 91 33 12 38 53 41 83 51 26 10 27 97 52 67 18 93 37 8 43 3 28 30 70 90 88 64 74 31 98 42 86 21 40 15 45 5 76 71 6 9 63 62 50 34 36 80 2 99 94 59 89 7 78 69 84 68 77 35 65 60 46 87 95 66 1 16 32 14 57 58 55 49 29 17 54
TEST 36 ARG:67 56 54 95 27 64 88 74 7 63 11 1 96 25 75 70 8 31 42 22 76 6 43 47 60 48 24 16 13 5 78 69 45 68 86 65 3 85 82 84 15 40 39 2 89 41 98 71 17 61 80 72 4 12 19 77 30 99 20 94 34 92 29 9 53 62 51 36 14 83 0 10 23 87 97 35 49 57 79 26 18 58 52 46 32 21 28 90 91 33 37 66 44 55 50 81 38 93 73 59
TEST 37 ARG:33 13 34 2 0 90 10 18 63 60 88 22 89 68 74 78 75 81 59 46 8 19 97 17 61 40 64 70 11 49 94 7 73 6 42 55 69 84 1 67 14 96 93 26 45 9 52 25 79 82 99 57 39 53 50 83 58 30 71 47 23 31 48 32 12 77 54 38 36 41 5 62 72 3 27 24 92 95 44 86 87 16 15 43 51 98 37 20 65 29 4 80 56 21 76 85 91 28 66 35
